start=2418.165750
volume=104.000000
fullscreen=yes
brightness=1
contrast=-1
saturation=1
vid=1
sid=3
sub-pos=93
sub-scale=0.600000
