start=1654.480000
speed=1.464100
