start=241.557267
speed=1.771561
pause=yes
