start=2517.800000
volume=104.000000
sid=1
sub-delay=1.500000
