start=1475.022000
sid=3
sub-pos=92
sub-scale=0.400000
