start=920.669750
pause=yes
volume=106.000000
fullscreen=yes
sid=2
