start=4632.294333
fullscreen=yes
sid=1
sub-pos=88
sub-scale=0.700000
