start=64.720000
volume=64.000000
contrast=-1
sid=no
