start=19.669000
volume=104.000000
sub-pos=92
