start=1.916667
volume=108.000000
