start=5196.191000
volume=84.000000
fullscreen=yes
sid=1
sub-pos=98
sub-scale=0.700000
