start=1270.352000
volume=98.000000
fullscreen=yes
brightness=-1
sid=2
sub-pos=91
sub-scale=0.700000
sub-ass-override=force
