start=2.966667
volume=94.000000
fullscreen=yes
contrast=-1
