start=15.766667
volume=116.000000
fullscreen=yes
