start=6699.984958
pause=yes
volume=104.000000
fullscreen=yes
sid=4
sub-pos=96
sub-scale=0.800000
