start=0.714400
volume=104.000000
