start=6205.490958
volume=96.000000
fullscreen=yes
sid=4
