start=1269.977000
fullscreen=yes
sid=2
sub-pos=95
sub-scale=0.900000
