start=670.167000
pause=yes
volume=110.000000
sid=1
