start=566.918000
pause=yes
volume=108.000000
fullscreen=yes
sid=3
