start=182.849333
pause=yes
sid=2
sub-pos=89
sub-scale=0.500000
