start=5221.946000
pause=yes
volume=104.000000
sid=1
sub-delay=-0.100000
sub-pos=96
sub-visibility=no
sub-scale=0.500000
