start=6455.991000
pause=yes
volume=130.000000
fullscreen=yes
sid=4
sub-pos=86
sub-scale=0.600000
