start=4591.628708
pause=yes
volume=56.000000
fullscreen=yes
sid=2
sub-pos=97
sub-scale=0.700000
