start=4621.800000
volume=122.000000
sid=1
sub-pos=92
sub-scale=0.700000
