start=2791.310000
volume=105.000000
sid=1
sub-pos=91
sub-scale=0.900000
