start=34.066667
volume=106.000000
contrast=-1
