start=1097.640000
volume=118.000000
fullscreen=yes
sid=1
sub-pos=85
sub-scale=0.400000
