start=44.333333
pause=yes
volume=80.000000
