start=3280.491000
pause=yes
volume=110.000000
fullscreen=yes
sid=1
sub-pos=95
sub-scale=0.700000
sub-ass-override=no
