start=6940.391792
volume=122.000000
fullscreen=yes
sub-delay=-0.600000
sub-pos=95
