start=243.097000
fullscreen=yes
sub-pos=92
sub-scale=0.700000
