start=1.466667
volume=106.000000
