start=6257.169000
volume=98.000000
contrast=-2
sid=3
sub-pos=93
sub-scale=0.800000
