start=496.996500
pause=yes
sub-pos=96
sub-scale=0.800000
