start=4214.251708
pause=yes
volume=106.000000
fullscreen=yes
sid=2
sub-pos=98
sub-scale=0.800000
