start=2600.139000
pause=yes
volume=98.000000
aid=2
sid=1
sub-pos=97
