start=978.268958
pause=yes
sid=1
sub-pos=91
sub-scale=0.800000
