start=676.634292
pause=yes
volume=104.000000
sid=2
sub-pos=98
sub-scale=0.800000
sub-ass-vsfilter-aspect-compat=no
