start=6858.607000
volume=105.000000
sid=3
sub-pos=93
sub-scale=0.600000
