start=1447.028911
volume=109.000000
fullscreen=yes
sid=1
sub-pos=94
sub-scale=0.800000
