start=2798.963000
pause=yes
volume=104.000000
contrast=-1
sid=2
sub-pos=95
sub-scale=0.500000
