start=35.033333
pause=yes
volume=116.000000
