start=1.466667
volume=112.000000
