start=896.856000
volume=102.000000
sid=1
sub-pos=91
