start=5710.996958
pause=yes
fullscreen=yes
sid=2
sub-pos=93
sub-scale=0.700000
