start=1586.627000
sid=1
sub-pos=92
sub-scale=0.400000
