start=6184.178000
volume=98.000000
sid=3
sub-pos=87
sub-scale=0.800000
