start=2772.186083
pause=yes
volume=104.000000
sid=3
sub-pos=90
sub-scale=0.800000
