start=3145.872000
pause=yes
sid=1
sub-pos=93
sub-scale=0.600000
