start=2303.050750
volume=108.000000
fullscreen=yes
sid=3
sub-pos=95
sub-scale=0.700000
