start=251.042000
volume=94.000000
fullscreen=yes
sub-pos=101
sub-scale=0.900000
