start=57.491000
sid=no
ab-loop-a=455.155000
ab-loop-b=568.001000
