start=694.694000
pause=yes
sid=1
sub-pos=92
sub-scale=0.400000
