start=1822.126000
volume=112.000000
sid=3
sub-pos=94
