start=2558.931367
volume=106.000000
fullscreen=yes
sid=4
sub-delay=4.499998
