start=8037.529500
pause=yes
volume=104.000000
sid=2
sub-scale=0.800000
