start=2533.531000
pause=yes
volume=104.000000
fullscreen=yes
brightness=-1
sid=2
sub-pos=94
sub-scale=0.900000
