start=5836.205375
pause=yes
volume=102.000000
contrast=-1
sid=2
sub-pos=94
