start=20.166667
volume=114.000000
