start=878.753000
speed=1.771561
pause=yes
volume=106.000000
sub-visibility=no
