start=3075.123000
pause=yes
volume=104.000000
fullscreen=yes
sid=3
sub-pos=96
sub-visibility=no
sub-scale=0.700000
