start=4840.343111
volume=106.000000
sub-pos=90
sub-visibility=no
sub-scale=0.700000
