start=2485.400000
sid=1
sub-pos=95
sub-scale=0.600000
