start=9.400000
speed=1.771561
sid=no
sub-pos=98
sub-scale=0.700000
