start=337.600000
speed=1.948717
pause=yes
fullscreen=yes
sub-pos=91
sub-scale=0.500000
