start=915.083000
volume=112.000000
fullscreen=yes
sub-delay=-0.900000
sub-pos=89
sub-scale=0.900000
