start=7572.356458
volume=118.000000
deinterlace=yes
sid=2
sub-pos=91
sub-scale=0.600000
