start=1756.671000
speed=1.210000
