start=1428.427000
volume=84.000000
fullscreen=yes
saturation=1
sid=2
sub-pos=92
sub-scale=0.900000
