start=24.920000
ab-loop-a=24.400000
