start=231.314000
pause=yes
volume=114.000000
contrast=-1
sid=2
sub-pos=92
sub-scale=0.600000
