start=466.466667
pause=yes
volume=96.000000
