start=36.400000
pause=yes
sub-delay=0.100000
