start=1158.949000
pause=yes
volume=106.000000
sid=1
sub-pos=91
sub-scale=0.700000
