start=1056.680625
pause=yes
sub-pos=91
sub-scale=0.700000
