start=440.360000
volume=130.000000
sid=no
sub-ass-override=no
ab-loop-a=159.600000
ab-loop-b=220.840000
