start=0.000000
volume=102.000000
