start=714.610000
pause=yes
volume=110.000000
fullscreen=yes
sid=1
sub-pos=94
sub-scale=0.500000
