start=2981.937292
volume=116.000000
sid=3
sub-pos=97
sub-scale=0.700000
