start=1360.150000
pause=yes
fullscreen=yes
sid=2
sub-pos=96
sub-scale=0.600000
