start=468.593125
fullscreen=yes
sid=2
sub-pos=93
sub-scale=0.800000
