start=7378.291667
pause=yes
volume=90.000000
brightness=1
sid=1
sub-delay=-0.800000
sub-pos=88
sub-visibility=no
sub-scale=0.800000
