start=5093.521000
pause=yes
volume=106.000000
fullscreen=yes
contrast=-1
sid=2
sub-pos=91
sub-scale=0.700000
