start=596.888000
pause=yes
volume=106.000000
deinterlace=yes
sid=2
sub-pos=96
sub-scale=0.700000
