start=2067.065000
speed=1.771561
pause=yes
volume=106.000000
