start=144.840000
ab-loop-a=128.400000
ab-loop-b=245.880000
