start=7078.238000
volume=98.000000
fullscreen=yes
brightness=1
contrast=-1
saturation=1
sid=2
sub-pos=91
sub-scale=0.700000
