start=2830.328000
volume=108.000000
sid=2
sub-pos=92
sub-scale=0.500000
