start=5192.939000
fullscreen=yes
sid=1
sub-pos=93
sub-scale=0.700000
