start=8.899349
pause=yes
volume=114.000000
