start=3.815739
speed=1.100000
volume=96.000000
