start=2586.920000
pause=yes
volume=104.000000
contrast=-1
sid=1
sub-delay=49.599815
sub-scale=0.600000
