start=376.147633
pause=yes
volume=96.000000
