start=1242.241000
volume=98.000000
sid=2
sub-pos=96
sub-scale=0.900000
