start=2459.957500
pause=yes
volume=120.000000
sid=1
sub-scale=0.600000
