start=3.766667
pause=yes
volume=106.000000
