start=2596.844250
pause=yes
fullscreen=yes
sid=1
sub-delay=-0.000000
sub-pos=98
sub-scale=0.600000
