start=4044.000000
pause=yes
volume=98.000000
sid=2
sub-pos=88
sub-scale=0.900000
