start=11.500000
pause=yes
volume=110.000000
