start=821.216000
pause=yes
volume=98.000000
sid=1
sub-pos=94
