start=2480.397000
pause=yes
volume=110.000000
fullscreen=yes
sub-pos=93
sub-scale=0.600000
