start=6961.412792
pause=yes
fullscreen=yes
sid=2
sub-pos=90
sub-scale=0.600000
