start=753.983000
volume=102.000000
contrast=-3
sid=1
sub-pos=90
sub-scale=0.600000
video-aspect-override=1.777778
