start=2831.641000
pause=yes
volume=92.000000
contrast=-1
sid=3
sub-pos=93
sub-scale=0.800000
