start=8489.229000
volume=104.000000
sid=2
