start=13.280000
pause=yes
volume=62.000000
