start=7476.010208
volume=114.000000
fullscreen=yes
sid=4
sub-pos=96
sub-scale=0.700000
