start=2891.680000
fullscreen=yes
sid=1
sub-pos=96
sub-scale=0.700000
