start=6287.406125
fullscreen=yes
sid=1
sub-pos=93
sub-scale=0.700000
