start=734.859000
volume=130.000000
sid=2
sub-pos=93
sub-scale=0.800000
