start=964.129500
sub-pos=96
sub-scale=0.800000
