start=7679.957333
pause=yes
volume=124.000000
gamma=-2
saturation=1
sub-visibility=no
