start=0.716667
volume=130.000000
fullscreen=yes
