start=3410.720000
pause=yes
volume=86.000000
