start=97.240000
pause=yes
sub-delay=-0.100000
