start=18.366667
volume=94.000000
