start=4663.660000
pause=yes
volume=130.000000
fullscreen=yes
sid=2
sub-pos=97
