start=621.537578
pause=yes
volume=85.000000
sub-pos=93
sub-scale=0.400000
sub-ass-override=no
