start=10.133333
pause=yes
volume=98.000000
