start=665.206208
pause=yes
volume=96.000000
sid=2
sub-delay=0.000000
sub-pos=98
sub-scale=0.700000
