start=1538.480000
volume=88.000000
sid=no
