start=11.633333
volume=102.000000
