start=1269.436000
pause=yes
volume=98.000000
fullscreen=yes
sid=1
