start=2335.396000
pause=yes
fullscreen=yes
sid=1
sub-pos=92
sub-scale=0.800000
