start=3.833312
pause=yes
volume=70.000000
sub-delay=-0.100000
