start=3398.061333
pause=yes
volume=118.000000
sid=2
