start=17.133333
volume=60.000000
