start=4095.092000
volume=114.000000
fullscreen=yes
sid=3
sub-pos=90
sub-scale=0.600000
