start=838.171000
speed=1.100000
pause=yes
