start=7638.005375
sub-pos=84
sub-scale=0.400000
