start=1250.875000
pause=yes
volume=81.000000
fullscreen=yes
sid=1
sub-pos=92
sub-scale=0.500000
