start=227.033000
speed=1.610510
volume=104.000000
fullscreen=yes
