start=506.005000
volume=110.000000
sid=1
