start=586.232000
sub-pos=93
sub-scale=0.400000
