start=1305.679375
volume=108.000000
fullscreen=yes
sid=1
