start=2.866667
pause=yes
volume=112.000000
