start=3040.803000
sid=1
sub-pos=92
sub-scale=0.800000
