start=1306.513533
pause=yes
volume=116.000000
fullscreen=yes
sid=2
sub-pos=101
sub-scale=0.800000
