start=5527.969833
volume=118.000000
contrast=1
sid=1
