start=1589.254000
speed=2.143589
