start=1404.778367
volume=114.000000
contrast=-1
sid=1
sub-pos=90
sub-scale=0.700000
