start=1.266000
volume=98.000000
