start=2007.547208
pause=yes
volume=124.000000
fullscreen=yes
sid=2
sub-pos=97
sub-scale=0.600000
