start=9666.657000
fullscreen=yes
sid=2
sub-pos=95
sub-scale=0.900000
