start=55.200000
volume=78.000000
fullscreen=yes
gamma=-1
ab-loop-a=75.680000
