start=56.480000
pause=yes
volume=58.000000
