start=1438.145042
pause=yes
volume=111.000000
audio-delay=-0.000001
fullscreen=yes
vid=1
