start=2154.026875
volume=130.000000
fullscreen=yes
contrast=-1
sid=2
