start=1827.078123
volume=110.000000
sid=3
sub-pos=89
