start=5.755733
volume=104.000000
