start=26.533333
pause=yes
volume=72.000000
