start=2230.458333
volume=103.000000
