start=102.233000
pause=yes
volume=108.000000
brightness=-2
