start=28.267000
volume=104.000000
