start=5824.610500
volume=108.000000
gamma=-1
contrast=1
deinterlace=yes
sid=3
sub-pos=92
sub-scale=0.500000
