start=6758.376625
volume=86.000000
fullscreen=yes
sid=2
sub-scale=0.700000
