start=4296.772000
volume=120.000000
fullscreen=yes
sid=3
sub-pos=88
sub-scale=0.400000
