start=5530.640000
volume=82.000000
sid=2
sub-pos=92
sub-scale=0.900000
