start=8769.886125
volume=116.000000
sid=2
sub-pos=97
sub-scale=0.900000
