start=1.665536
pause=yes
volume=112.000000
