start=5.466667
pause=yes
volume=86.000000
saturation=4
