start=7.933333
volume=102.000000
