start=6829.739583
volume=124.000000
fullscreen=yes
gamma=-2
sid=1
sub-pos=91
sub-scale=0.700000
