start=9.266016
pause=yes
volume=46.000000
contrast=-1
