start=1.500000
volume=108.000000
