start=1630.000000
volume=76.000000
fullscreen=yes
sid=1
sub-pos=88
