start=4738.080000
volume=76.000000
