start=34.433333
volume=116.000000
fullscreen=yes
