start=6547.920000
pause=yes
volume=122.000000
sid=3
sub-pos=92
sub-scale=0.700000
