start=4270.360000
pause=yes
volume=122.000000
