start=33.766667
pause=yes
volume=102.000000
contrast=-1
