start=127.067000
speed=0.826446
pause=yes
