start=21.633333
pause=yes
volume=96.000000
