start=16.300000
speed=1.771561
pause=yes
volume=68.000000
sid=no
