start=2572.278042
pause=yes
volume=110.000000
sid=1
sub-pos=95
sub-scale=0.700000
