start=582.875000
speed=0.909091
volume=108.000000
contrast=-2
sid=3
