start=4869.197667
pause=yes
volume=10.000000
mute=yes
brightness=1
saturation=20
