start=1569.756000
pause=yes
volume=102.000000
fullscreen=yes
sid=3
