start=7548.707833
volume=124.000000
sid=3
sub-pos=94
sub-visibility=no
sub-scale=0.900000
