start=2225.848625
pause=yes
volume=122.000000
sid=2
sub-scale=0.800000
