start=2338.169167
pause=yes
volume=124.000000
fullscreen=yes
sid=1
sub-pos=95
sub-scale=0.600000
