start=1711.251208
volume=122.000000
fullscreen=yes
sid=2
sub-scale=0.800000
