start=2867.448000
volume=118.000000
fullscreen=yes
contrast=-1
saturation=1
sid=2
sub-pos=90
sub-scale=0.600000
video-aspect-override=1.777778
