start=1196.987000
pause=yes
volume=118.000000
contrast=-1
saturation=1
sid=2
sub-pos=91
sub-scale=0.700000
video-aspect-override=1.777778
