start=4573.402000
volume=118.000000
contrast=-1
sub-visibility=no
