start=19.133333
volume=108.000000
