start=166.666000
speed=1.331000
volume=92.000000
fullscreen=yes
