start=178.887000
volume=94.000000
sid=4
sub-pos=101
sub-scale=0.900000
