start=650.345703
volume=90.000000
fullscreen=yes
